Structure    Lambda     Avg J_t                Stddev J_t             Avg J_cv               Stddev J_cv            Avg F1_score           Stddev F1_score       
33 3 1       0.01       0.05748043770299967    0.00410520442250213    0.33453948476670503    0.09671218768804038    0.9397273779918157     0.022808489704668276  
33 4 1       0.01       0.05460369835162106    0.005091826720918692   0.3384687934855411     0.14058136647193104    0.9328980367972044     0.024172934274315307  
33 5 1       0.01       0.055955055364945674   0.005440013180637222   0.35365249260046183    0.1706748961509375     0.9395191055145462     0.025114420219164907  
33 4 2 1     0.01       0.03698994438109664    0.00670191241632887    0.36368643133971157    0.20778061760393035    0.9415206282776616     0.029388368805683233  
33 3 3 1     0.01       0.04269400957735539    0.009228097218182404   0.3699067586523811     0.09405027339276995    0.9319565217391306     0.025407206654185662  
33 2 1       0.01       0.05832524084367384    0.0044088799650636844  0.37190852646884903    0.13400746768450847    0.9352563739873772     0.030899787807962317  
33 4 4 1     0.01       0.034442835273952976   0.005273936560880169   0.378660601835762      0.23177065621103976    0.9367491258721217     0.029418534823966145  
33 3 4 1     0.01       0.039120145438537965   0.007583024530823573   0.3920580349725731     0.18714577382646705    0.9403910673119078     0.03686579615067523   
33 5 2 1     0.01       0.035652093716606256   0.005611096469760269   0.39537341876099497    0.17403680634569965    0.9362645069128483     0.02296915561749073   
33 4 1 1     0.01       0.053481459001998424   0.026631135538871413   0.40920519943607314    0.1263193740057043     0.9331910258025718     0.021965344544806312  
33 5 5 1     0.01       0.039099564641126565   0.00652037920256099    0.41302895911800147    0.2126816371219541     0.938194762147844      0.041058415911283515  
33 3 1       0.1        0.23720443361090554    0.00858285645640275    0.4163660787575331     0.0522422902279285     0.9068088973710753     0.03400694694572906   
33 3 5 1     0.01       0.03914648933519392    0.010838906124486344   0.41722531976326105    0.1052826405755889     0.9280484806881939     0.020804895091659968  
33 5 1       0.1        0.24166738847441702    0.013885485570545112   0.41757220200255124    0.06819692856055079    0.9209606742970055     0.0301844278817924    
33 3 1 1     0.01       0.039693826437757984   0.007253461232895279   0.4182638275081999     0.1918607688567899     0.9348601792243262     0.04243492314157698   
33 2 3 1     0.01       0.054544604523342574   0.012178729125351503   0.4185893674411232     0.24094967352890392    0.9361803570121291     0.03778277583762639   
33 2 1       0.1        0.23987968902935536    0.005226245665447057   0.42264989523829044    0.0923229943797973     0.9159071226790692     0.03826832163587169   
33 3 2 1     0.01       0.03797100661482902    0.007198786743812596   0.4247163280995682     0.22242351672600302    0.922494395333746      0.03734682388599164   
33 2 2 1     0.01       0.05622738038401117    0.036902019002624124   0.4308335087003338     0.20773185580961764    0.924407215428678      0.03909041636095737   
33 2 4 1     0.01       0.039722844445406226   0.007432119406007571   0.4309039189784684     0.23382025935389653    0.9324276788729676     0.037651922866803265  
33 5 1 1     0.01       0.03699806703423846    0.005520844927236799   0.43115858012885233    0.17131526215193657    0.9289627004298697     0.03221471985640138   
33 4 1       0.1        0.23746525196212337    0.008514004224809083   0.4312923594445584     0.06999939159897574    0.9200571103557056     0.017553284462530405  
33 5 3 1     0.01       0.0354710190038276     0.005538339081369678   0.4378450834383889     0.1242591488627152     0.922575785608163      0.034284200606590855  
33 4 3 1     0.01       0.04164486325684744    0.013795433714464572   0.44000314277450797    0.22912296775052077    0.9172756706753008     0.037906657966478435  
33 1 1       0.1        0.2600895187878079     0.007876051427878138   0.4422314754444664     0.06915358937883248    0.90516454592938       0.03551926575450309   
33 5 4 1     0.01       0.03566541938826956    0.006684704072234063   0.4525574926269125     0.20540933717243953    0.9318113128300125     0.025403379801256704  
33 1 1       0.01       0.16890420593781946    0.021921510799171345   0.4528642604827776     0.18759745592228472    0.9235298069036671     0.03043022319370645   
33 4 3 1     0.1        0.23685476120332613    0.024067841233672865   0.45346778434544965    0.09602591514292794    0.9074087838875073     0.049488616598619105  
33 2 5 1     0.01       0.04594393956607956    0.01108615856515986    0.4543891254216871     0.1940548388347335     0.9391506405213951     0.026509356481729293  
33 5 5 1     0.1        0.23585295700802417    0.02880437025380885    0.45518227945452755    0.09968984243087585    0.9168769460353312     0.03540653135403665   
33 3 4 1     0.1        0.21865051861515017    0.017209812032784818   0.4557106777934532     0.06881563026790018    0.9139769540255201     0.03603521740004939   
33 4 5 1     0.01       0.03473000787949001    0.0062575198429553084  0.4560058746717196     0.2675554884617208     0.9314106503943957     0.03172930257934345   
33 1 1 1     0.01       0.21424762000841469    0.14659248616094353    0.460530548129167      0.12353826295401044    0.8903141741285339     0.0441781852181527    
33 5 3 1     0.1        0.23370388041654183    0.022262761467264112   0.4610475593359437     0.07444389525554528    0.9070431824903874     0.03166619909915892   
33 2 4 1     0.1        0.20559656391680278    0.023736237571974246   0.46115603358579504    0.09605722016719201    0.9119381022557315     0.04840598906369216   
33 4 4 1     0.1        0.21334367948193061    0.021277992107457257   0.4614821902466108     0.09687756807278611    0.9180917033480058     0.02912511255912523   
33 2 1 1     0.01       0.059442979194221965   0.03788226799803315    0.4618489573243548     0.19964204013057082    0.9202124321429859     0.028125391646439696  
33 2 2 1     0.1        0.2696609430824738     0.13003090067495862    0.46292003843897317    0.08745741057812663    0.9091165260560649     0.04996134081587665   
33 1 3 1     0.01       0.17516486500087264    0.027347828946105334   0.46311508691484216    0.2142816842729932     0.8994271187016001     0.035554203569051354  
33 5 4 1     0.1        0.20216487882261944    0.013028883222239562   0.4647805345231942     0.10212374652189216    0.9250220996611207     0.037495708176571704  
33 3 5 1     0.1        0.21438603830264347    0.025052516940999366   0.47219829548537406    0.10399350863641267    0.9152115654772549     0.03452767051713817   
33 5 2 1     0.1        0.23969705418552598    0.025681920994802692   0.4746778330657128     0.08571954551890316    0.914347051864224      0.03323786108257011   
33 4 5 1     0.1        0.21438646635643743    0.026776264727237306   0.4771102814419856     0.090625233891278      0.9155974708724071     0.035987810385294854  
33 3 3 1     0.1        0.24704221538249085    0.13559695457690843    0.48087091909434587    0.08128198889740267    0.9065835299794974     0.04887170195614134   
33 1 5 1     0.01       0.16206085796243852    0.021303839412852542   0.48566646885290055    0.15615244271924963    0.9075706802595688     0.022265025681594594  
33 1 4 1     0.01       0.1822180354121446     0.026738585995477585   0.48692859245415854    0.22152110006572068    0.9129500488150688     0.04330345652845156   
33 3 2 1     0.1        0.25692331258683265    0.13273156328809727    0.4896334303620278     0.08844458844736318    0.9035935549284272     0.04901130473003337   
33 4 2 1     0.1        0.2563959866045291     0.029359183098914637   0.49032126054555114    0.10635523425822646    0.9207990020933063     0.03237138385375572   
33 1 2 1     0.01       0.21560498645524598    0.14810312814350515    0.49392974642018855    0.19263151633559705    0.8989061692964124     0.04822205983244158   
33 1 4 1     0.1        0.2919971647099551     0.12122858536893395    0.5009314551976727     0.08878476002538405    0.8933842334388687     0.04799466432524222   
33 1 5 1     0.1        0.3181058671712281     0.11252809975969005    0.5051704934635664     0.107543806877862      0.9046095340638777     0.04784724595545665   
33 1 3 1     0.1        0.385587744007468      0.17572177638175626    0.5311720280951072     0.11734257620768562    0.8616409632032399     0.06219242444725414   
33 2 1 1     0.1        0.3702887277759237     0.18581460413731649    0.5321846235319717     0.09924796997212879    0.8674098997315252     0.0656064302907215    
33 2 5 1     0.1        0.3050738998931134     0.173951036163303      0.5329568953040644     0.11397049847381527    0.8835384383458218     0.05993695459947612   
33 3 1 1     0.1        0.4518552698504303     0.20106592329135892    0.5424132000944784     0.11610190247260671    0.8460655204825669     0.06889442056540418   
33 5 1 1     0.1        0.411594328669905      0.19735007203348584    0.5487851379438003     0.0944828928046645     0.8577722241438949     0.06448833813017556   
33 4 1 1     0.1        0.44780572272286207    0.20611399160876748    0.569125293427148      0.106690144050312      0.8537279019118886     0.07705600759098721   
33 2 3 1     0.1        0.4376612518163328     0.2159970701921619     0.5706639830410357     0.09510457863756704    0.8351156133515959     0.0596934897528696    
33 1 2 1     0.1        0.420059208864349      0.19007292410602508    0.5718182733002962     0.08296841821932593    0.8592301769639322     0.0672279849328153    
33 1 1 1     0.1        0.499085073863916      0.18857113616704035    0.5977810721959836     0.11026255760397292    0.82941417238551       0.06830155851073935   
33 5 1       1.0        0.5481885616253359     0.009238917953684015   0.6396609563385189     0.029096829990453536   0.824889270829414      0.019137439381077915  
33 3 1       1.0        0.5544571479083049     0.007853383196705912   0.6417804828121609     0.02649998368993147    0.8217870376328411     0.0226664459974723    
33 2 1       1.0        0.5601731919212385     0.0065246741801704864  0.6425836605337607     0.022260140494450725   0.8156988803232339     0.017151709557870414  
33 1 1       1.0        0.575290340918985      0.0031838484790429537  0.6437111792464513     0.008659207154676623   0.7980060483047348     0.010940100513091905  
33 4 1       1.0        0.5517252624893626     0.011573673261085842   0.6438349895377081     0.03941759148277059    0.821702767411921      0.021109107401026547  
33 5 2 1     1.0        0.6528246908698845     0.00036144129060449863 0.6527877239535131     0.0033122303100312053  0.7813092052164309     0.004232899019161702  
33 3 2 1     1.0        0.6528246991595531     0.00036147150846717075 0.6527877633888353     0.0033117928304436783  0.7813092052164309     0.004232899019161702  
33 1 1 1     1.0        0.652824609405959      0.00036148630356769594 0.6527891010937329     0.003310321069294756   0.7813092052164309     0.004232899019161702  
33 5 1 1     1.0        0.6528246189096836     0.00036150038841305503 0.6527892620787149     0.003310729428013589   0.7813092052164309     0.004232899019161702  
33 4 1 1     1.0        0.652824613550372      0.0003615043165969406  0.6527895685161781     0.0033100160027373492  0.7813092052164309     0.004232899019161702  
33 1 2 1     1.0        0.6528246644207631     0.00036144292324441035 0.6527896947077727     0.0033096379995284854  0.7813092052164309     0.004232899019161702  
33 2 1 1     1.0        0.652824626823808      0.0003615009490955277  0.6527898448933749     0.003311994548779858   0.7813092052164309     0.004232899019161702  
33 3 1 1     1.0        0.6528246348407689     0.00036148462111705256 0.6527899758179354     0.0033132414386600013  0.7813092052164309     0.004232899019161702  
33 4 2 1     1.0        0.6528246721159683     0.0003614533755821461  0.6527904462639255     0.003313055210530745   0.7813092052164309     0.004232899019161702  
33 4 3 1     1.0        0.6528247671109294     0.00036147821598751285 0.652790526186418      0.003309710879791096   0.7813092052164309     0.004232899019161702  
33 3 4 1     1.0        0.6528248422716069     0.000361488888516893   0.6527909056296549     0.0033103627615820963  0.7813092052164309     0.004232899019161702  
33 5 3 1     1.0        0.6528247559124741     0.0003614594906119897  0.6527910812875353     0.0033092589024791754  0.7813092052164309     0.004232899019161702  
33 5 4 1     1.0        0.6528247912655643     0.00036147636005874384 0.6527912680575044     0.00331282898673173    0.7813092052164309     0.004232899019161702  
33 2 3 1     1.0        0.6528247694260585     0.00036151019547231927 0.6527921378159387     0.003308320458440458   0.7813092052164309     0.004232899019161702  
33 3 3 1     1.0        0.6528248093059296     0.0003614516898260503  0.6527921592199559     0.0033110862521283243  0.7813092052164309     0.004232899019161702  
33 4 5 1     1.0        0.6528250096344517     0.00036135843754234317 0.6527922876236949     0.003312275934075773   0.7813092052164309     0.004232899019161702  
33 1 3 1     1.0        0.6528248168791364     0.00036153370441853455 0.6527927594780683     0.003308239522767156   0.7813092052164309     0.004232899019161702  
33 4 4 1     1.0        0.652824845113528      0.00036148005467159203 0.6527928037284789     0.0033086229577969227  0.7813092052164309     0.004232899019161702  
33 1 4 1     1.0        0.6528248827391725     0.0003615499774021725  0.6527936919959716     0.0033082886870751047  0.7813092052164309     0.004232899019161702  
33 5 5 1     1.0        0.6528249061752759     0.0003614372932685196  0.6527938915944327     0.003311331975955221   0.7813092052164309     0.004232899019161702  
33 2 4 1     1.0        0.652824924813048      0.00036144684581131185 0.6527939305230956     0.003309039028285713   0.7813092052164309     0.004232899019161702  
33 1 5 1     1.0        0.6528249826927404     0.000361511898524868   0.6527941393727856     0.0033083997974183293  0.7813092052164309     0.004232899019161702  
33 3 5 1     1.0        0.6528250561208637     0.00036145638975898406 0.6527957419645937     0.0033089966532451913  0.7813092052164309     0.004232899019161702  
33 2 5 1     1.0        0.65282512252953       0.00036145316525647086 0.6527961424290312     0.0033088996921382388  0.7813092052164309     0.004232899019161702  
33 2 2 1     1.0        0.6529915854502031     0.0005783952507568484  0.6549714305615639     0.007705619509176584   0.7813092052164309     0.004232899019161702  
