Structure    Lambda     Avg J_t              Avg J_cv             Avg F1_score        
8 2 4 1      0.01       0.4436657359715568   0.4807100661105522   0.6582637129047822  
8 2 5 1      0.01       0.4423430218710284   0.4837974818303331   0.6628294561144856  
8 2 3 1      0.01       0.4444402806317377   0.4846507029120478   0.6649784102944893  
8 3 1        0.01       0.4372603684078256   0.4882854023124098   0.6747622550950435  
8 1 4 1      0.01       0.46839604163648085  0.48914227615935807  0.6449305528779135  
8 1 1        0.01       0.4690852484743394   0.49210834210136767  0.6305069433069023  
8 1 3 1      0.01       0.469776940359165    0.49225997732462934  0.6310853000274717  
8 2 2 1      0.01       0.44996425668740736  0.4924957526249594   0.6185763631152104  
8 3 3 1      0.01       0.44386482339882427  0.49349387429827835  0.610776143636214   
8 1 2 1      0.01       0.4695927293445175   0.4955013716127382   0.6298732459165369  
8 3 2 1      0.01       0.4352896981894131   0.49688236770830113  0.6445359853665704  
8 1 5 1      0.01       0.46892781468655775  0.49700315185080857  0.6200412737033514  
8 5 1        0.01       0.42612670700030264  0.4970832919442871   0.6475131203822194  
8 4 1        0.01       0.42807864979067267  0.4971551649335012   0.640180863705895   
8 4 4 1      0.01       0.43064533012828327  0.49761391248390935  0.607246422459047   
8 3 5 1      0.01       0.4373949221796568   0.4978186827741188   0.6391457417659238  
8 3 4 1      0.01       0.43428190183866117  0.4988713845172609   0.6470951150638024  
8 2 1        0.01       0.45477045014096706  0.5008720806590035   0.5892203184028955  
8 3 1 1      0.01       0.45556925119917757  0.5031927231451201   0.6141365660195646  
8 1 1 1      0.01       0.4888690035224924   0.5035891381114809   0.601872994115519   
8 4 2 1      0.01       0.43432322635730714  0.5067627089087808   0.6080063814454607  
8 4 1 1      0.01       0.4322637576844938   0.5068920618892891   0.6394773615442308  
8 4 3 1      0.01       0.4350407545554679   0.5069349741693341   0.668623323891986   
8 5 3 1      0.01       0.4370528059910567   0.5073297018939429   0.6130413757683728  
8 2 1 1      0.01       0.46886734891322757  0.5125560038655379   0.5575582689930412  
8 5 5 1      0.01       0.4333383114915609   0.5139562703545032   0.6661062298253893  
8 4 5 1      0.01       0.42879222728445116  0.5144348250837858   0.6266559938193922  
8 5 1 1      0.01       0.4381503125407306   0.5175032779245383   0.6481415114137599  
8 5 4 1      0.01       0.4201123800833373   0.5206675510349934   0.6298099897497644  
8 2 1        0.1        0.4815583140162018   0.5247374622548447   0.6357360511913634  
8 3 1        0.1        0.48275296101833653  0.529012844632523    0.6117804907513686  
8 5 1        0.1        0.48066552911751426  0.5290839328062914   0.629900277201392   
8 4 1        0.1        0.4818773931059267   0.5299014589682243   0.6131328405438257  
8 1 1        0.1        0.48149229121962883  0.5307587998030768   0.6194356102214392  
8 5 2 1      0.01       0.42692953684246226  0.5392335781446562   0.6321561306754204  
8 5 4 1      0.1        0.500122166431401    0.5416509947227083   0.5673759043982122  
8 5 5 1      0.1        0.5018279670364897   0.5456657206564929   0.5634796006908239  
8 4 4 1      0.1        0.5208908821700955   0.5639079789987599   0.45884895536525294 
8 3 5 1      0.1        0.5315133275679031   0.5695965037847581   0.42800746055609273 
8 5 3 1      0.1        0.5396239816138488   0.5704270223875177   0.4519212049249597  
8 2 3 1      0.1        0.5336420890849045   0.5773849504894359   0.4656321452813691  
8 5 2 1      0.1        0.5289447855483026   0.5775953521400188   0.43520306165458644 
8 2 4 1      0.1        0.5313640961061227   0.5786247085727516   0.43141749562075304 
8 3 4 1      0.1        0.5192621464252605   0.5826004011700124   0.46458212335499854 
8 1 5 1      0.1        0.5509055600467422   0.584660542826928    0.3728002718201064  
8 4 3 1      0.1        0.5324379400037261   0.587573966376341    0.4205916919959473  
8 4 2 1      0.1        0.5811184061975754   0.6037795328185893   0.25966312056737595 
8 3 2 1      0.1        0.5881950932865581   0.6044467088495218   0.27862726986631137 
8 3 3 1      0.1        0.5826225307689203   0.6047174958288215   0.24951155242777726 
8 1 3 1      0.1        0.5600203334645654   0.6066517015463345   0.4024186949520968  
8 2 1 1      0.1        0.5985107572667406   0.6072127217337486   0.19609582963620228 
8 4 5 1      0.1        0.5749413280363755   0.6074009968692573   0.25465047233468285 
8 1 4 1      0.1        0.5978660752240594   0.6094578611292226   0.20028657616892911 
8 5 1 1      0.1        0.6043538459438539   0.6186388007273104   0.2050697450697451  
8 3 1 1      0.1        0.5984380184110891   0.6189286516546829   0.17572649572649574 
8 2 5 1      0.1        0.5969956332955236   0.6237684246828289   0.17493606138107415 
8 2 2 1      0.1        0.6142279727553743   0.625834599853807    0.1265365853658537  
8 4 1 1      0.1        0.6155877300046745   0.6260488952954035   0.12692307692307692 
8 3 1 1      1.0        0.6468049459107917   0.6468110145786633   0.0                 
8 4 1 1      1.0        0.6468047796044594   0.6468118483405719   0.0                 
8 5 1 1      1.0        0.6468062037780303   0.6468145795256344   0.0                 
8 1 1 1      1.0        0.6468081325119802   0.6468147481046659   0.0                 
8 2 1 1      1.0        0.6468057873245956   0.6468149765702236   0.0                 
8 5 2 1      1.0        0.6468276678103992   0.6468341862427182   0.0                 
8 1 2 1      1.0        0.6468363962713328   0.6468354164131054   0.0                 
8 4 2 1      1.0        0.6468268363863653   0.6468358385307333   0.0                 
8 3 2 1      1.0        0.6468250011398765   0.6468399542532307   0.0                 
8 1 1 1      0.1        0.6468038853650268   0.6468546484552637   0.0                 
8 3 3 1      1.0        0.6468655075882475   0.6468878884671311   0.0                 
8 1 2 1      0.1        0.6468134862333624   0.6468895875712211   0.0                 
8 2 2 1      1.0        0.6468670773706586   0.6468933415588471   0.0                 
8 5 3 1      1.0        0.6468815419877522   0.6468970129373102   0.0                 
8 4 3 1      1.0        0.6469118069245852   0.6469324974332373   0.0                 
8 5 4 1      1.0        0.6469448290783301   0.6469580390566877   0.0                 
8 1 4 1      1.0        0.6469509522832075   0.6469739767961784   0.0                 
8 1 3 1      1.0        0.6469583208441856   0.6469847375752583   0.0                 
8 4 4 1      1.0        0.6469683817996718   0.6469922078214889   0.0                 
8 2 3 1      1.0        0.6469664861375649   0.6470072065014965   0.0                 
8 3 4 1      1.0        0.6470172309246134   0.6470438121724036   0.0                 
8 2 4 1      1.0        0.647011804877373    0.6470653287164103   0.0                 
8 2 5 1      1.0        0.647086050886565    0.6471241982936174   0.0                 
8 5 5 1      1.0        0.6470926764963533   0.6471322168024114   0.0                 
8 4 5 1      1.0        0.6470978001003254   0.6471469562801468   0.0                 
8 1 5 1      1.0        0.6471038581496227   0.6471485599674954   0.0                 
8 3 5 1      1.0        0.6471033992779185   0.6471494598314943   0.0                 
8 1 1        1.0        0.6453992443403822   0.6472071451569636   0.0                 
8 4 1        1.0        0.6457867083492868   0.6473568580183036   0.0                 
8 2 1        1.0        0.644880150435365    0.6473812843221972   0.0                 
8 5 1        1.0        0.6457361308505151   0.6474693756591492   0.0                 
8 3 1        1.0        0.6448994385855982   0.647673391610085    0.0                 
