Structure    Lambda     Avg J_t              Avg J_cv             Avg F1_score        
30 3 1       0.01       0.050543976963569937 0.10264060680103378  0.9638122238887981  
30 3 5 1     0.01       0.05047770368122756  0.10610374233407056  0.9635957736723476  
30 5 5 1     0.01       0.05203484652528828  0.11043410473100737  0.9616473543472976  
30 2 1       0.01       0.052361057949446524 0.11086543338611228  0.9606711779428739  
30 5 1       0.01       0.05006442356988412  0.11186116409661825  0.9569964035029563  
30 4 1       0.01       0.05890806377440248  0.11361003663081051  0.9564475457054333  
30 2 4 1     0.01       0.06018055237535258  0.11542300284080545  0.9560472851028721  
30 2 5 1     0.01       0.03471159530322631  0.11543694239291191  0.9689652009929948  
30 5 4 1     0.01       0.050305568931532985 0.1166509448479037   0.9609639953542393  
30 1 1       0.01       0.05699551965630496  0.11667963408356101  0.9587691170618001  
30 4 4 1     0.01       0.03977800333534097  0.11824991162899223  0.9687142503932067  
30 3 2 1     0.01       0.06668772976621998  0.11846329041133823  0.9600749320834702  
30 1 3 1     0.01       0.049826689709826    0.1185450468111354   0.956354255500597   
30 4 2 1     0.01       0.050447024074593824 0.12123777756286971  0.9618327786790634  
30 1 4 1     0.01       0.046791891742151114 0.12144268366786248  0.9596640008381356  
30 3 1 1     0.01       0.057927610841741486 0.12161675366369769  0.963383302271561   
30 3 4 1     0.01       0.047455285649573284 0.12342908720904129  0.955840643445763   
30 2 2 1     0.01       0.05204059872825656  0.12417384444760433  0.9605355393330435  
30 1 5 1     0.01       0.049785565697207323 0.12562042895083295  0.9614924506387922  
30 4 3 1     0.01       0.04343415662500688  0.12716161715196514  0.9536293442056645  
30 4 5 1     0.01       0.04658963783049433  0.13036676446038736  0.9537254596415119  
30 2 3 1     0.01       0.048175313301743565 0.1394877594640846   0.9496114169987283  
30 2 1 1     0.01       0.060778343088450114 0.141745204902137    0.9623183500182932  
30 1 2 1     0.01       0.08154572902958147  0.14236117959583852  0.952608297290363   
30 5 3 1     0.01       0.04129818277247307  0.1436888899084368   0.954502788719396   
30 3 3 1     0.01       0.04913574690357399  0.14483620435102912  0.9440677064289236  
30 5 2 1     0.01       0.07077104033350215  0.1555396761880616   0.9518805683783388  
30 5 1 1     0.01       0.05700975321765954  0.16117852245256456  0.9432389316110246  
30 1 1 1     0.01       0.11328720273196358  0.17287160844334068  0.8625285264933591  
30 5 1       0.1        0.10926173746064412  0.18737355816509413  0.969580014303682   
30 3 1       0.1        0.10935216590847403  0.18991831431691258  0.9634815572024873  
30 5 5 1     0.1        0.0967993140758597   0.19185027163144197  0.9694197464475401  
30 4 5 1     0.1        0.0956342074614778   0.1920498609277697   0.962513956473714   
30 2 1       0.1        0.11177712976064072  0.19435840340879973  0.964646264115918   
30 3 4 1     0.1        0.09719523809434048  0.19474878822284145  0.9666117008346162  
30 5 4 1     0.1        0.10053533290236513  0.19586296674643652  0.9525185175950917  
30 2 5 1     0.1        0.0974684893040423   0.19622223636505431  0.9629987528172439  
30 3 2 1     0.1        0.10002417492329403  0.19735846926567466  0.9760472851028723  
30 1 5 1     0.1        0.09767882130246328  0.19978450763430494  0.965686717958414   
30 3 5 1     0.1        0.09948848470796987  0.20057371467413637  0.9432442354393574  
30 4 3 1     0.1        0.10114051839889696  0.2006251928910549   0.9518313448801254  
30 4 4 1     0.1        0.1070532610694728   0.20096549368533703  0.9516321553480106  
30 2 4 1     0.1        0.10008252409052523  0.20219574488670253  0.9529525403893258  
30 2 3 1     0.1        0.10019127654649033  0.20233708398675537  0.966756168769782   
30 2 2 1     0.1        0.10557271587996257  0.20288084932284006  0.9759357696566999  
30 5 3 1     0.1        0.10168199360078181  0.2030386896983955   0.9572172276977187  
30 5 2 1     0.1        0.10540311263332716  0.20322255019652538  0.9548507788297919  
30 4 2 1     0.1        0.10484826285800317  0.20519040408728878  0.9526587838329188  
30 1 4 1     0.1        0.09923261726421063  0.20553449491457948  0.9688203105900213  
30 1 3 1     0.1        0.10287431086623014  0.20631133984068137  0.9720802547801981  
30 1 1       0.1        0.12141484846922243  0.20815672273430477  0.9647298075970794  
30 4 1       0.1        0.1274987540225645   0.2087672817304762   0.9391404796673258  
30 4 1 1     0.01       0.09349451697245284  0.21007201686610336  0.9157142583141902  
30 1 2 1     0.1        0.10365659379811558  0.21245168965230582  0.9660499861265602  
30 2 1 1     0.1        0.10686567933201638  0.21869978306092225  0.9655764966740576  
30 1 1 1     0.1        0.10973329511205851  0.21969942304057039  0.9665478216243958  
30 5 1 1     0.1        0.16240879377731618  0.2563631962588828   0.870836642087351   
30 3 1 1     0.1        0.16495204744369557  0.25900772270038247  0.8759527861059342  
30 4 1 1     0.1        0.1628246872286474   0.2598607108249146   0.8633766224322095  
30 3 3 1     0.1        0.1795609119429765   0.28959282501509936  0.9360010863312385  
30 5 1       1.0        0.32134021287253706  0.4925552186986736   0.8703402731258958  
30 4 1       1.0        0.32365851797372913  0.4955977724226342   0.9182873224336638  
30 3 1       1.0        0.32722222924026856  0.49709512751228074  0.9013110478899954  
30 2 1       1.0        0.3415077233976143   0.5069303270675345   0.8611299459241767  
30 1 1       1.0        0.3670431402632103   0.5263651194621572   0.8791180654338548  
30 3 3 1     1.0        0.6603370731932159   0.6602993478493357   0.0                 
30 5 3 1     1.0        0.6603331869486498   0.6603127421243287   0.0                 
30 1 2 1     1.0        0.6603456529394593   0.6603144128606255   0.0                 
30 5 2 1     1.0        0.6603393200540856   0.6603238536416476   0.0                 
30 4 3 1     1.0        0.6603278836436557   0.6603252209593523   0.0                 
30 2 3 1     1.0        0.6603697208781611   0.6603274715059207   0.0                 
30 3 1 1     1.0        0.6603478376058949   0.6603335394795178   0.0                 
30 1 1 1     1.0        0.6603454887086502   0.6603362270227415   0.0                 
30 3 2 1     1.0        0.6603468783127759   0.6603389384847066   0.0                 
30 5 1 1     1.0        0.6603485973684426   0.6603412291265676   0.0                 
30 4 1 1     1.0        0.6603490158215666   0.6603413111038883   0.0                 
30 4 2 1     1.0        0.6603394025359772   0.6603446641458434   0.0                 
30 2 1 1     1.0        0.6603469607553012   0.6603462615962558   0.0                 
30 3 5 1     1.0        0.6604386950899778   0.6603475483734162   0.0                 
30 2 2 1     1.0        0.6603507122125961   0.6603572586882656   0.0                 
30 5 4 1     1.0        0.660359218049119    0.6603803911360567   0.0                 
30 1 3 1     1.0        0.6603695342891494   0.6603900883974878   0.0                 
30 3 4 1     1.0        0.660420243022878    0.6603945448407346   0.0                 
30 1 4 1     1.0        0.66044058076858     0.6603948563369941   0.0                 
30 4 4 1     1.0        0.6604147340025875   0.6603967057975986   0.0                 
30 2 4 1     1.0        0.6604002869397796   0.6604504142926915   0.0                 
30 4 5 1     1.0        0.6604068808849911   0.660458908591486    0.0                 
30 2 5 1     1.0        0.6605033777382844   0.6605083535285675   0.0                 
30 1 5 1     1.0        0.6605287008548312   0.6605406815142065   0.0                 
30 5 5 1     1.0        0.6606270688152758   0.660625048654207    0.0                 
