Structure    Lambda     Avg J_t                Stddev J_t             Avg J_cv               Stddev J_cv            Avg F1_score           Stddev F1_score       
13 5 4 3     0.01       0.05092390702979723    0.0018896315770918857  0.2305103288159275     0.06803248724780897    0.9833514633514632     0.025646500165107985  
13 3 5 3     0.01       0.04849077532215764    0.0012103831847553386  0.24213339403928344    0.08118831473018533    0.9774255374255375     0.02786532546959304   
13 4 3 3     0.01       0.053759849602880605   0.001225953024650193   0.24369099746545148    0.0911073738568046     0.9771225071225069     0.03858354606392038   
13 5 5 3     0.01       0.04800151799085278    0.0011358960850971767  0.2503123106276062     0.1114274683257744     0.9763103563103563     0.03839430582708284   
13 3 4 3     0.01       0.051024989869299285   0.001754049102199676   0.2541809269559314     0.10148302137489655    0.9766563066563065     0.03974363160219544   
13 2 5 3     0.01       0.04979253162714386    0.0011318695412543382  0.2546731033552097     0.09153115556373045    0.9782232582232581     0.026755989883965704  
13 5 3       0.01       0.07450774409001967    0.004176870277349105   0.2549216425358235     0.08547624033203431    0.9763111888111888     0.0403396542319736    
13 2 4 3     0.01       0.052508552415862844   0.001131176660629154   0.25530384556642993    0.07765200311289411    0.9770836570836572     0.02819254830908988   
13 4 3       0.01       0.0761356003901269     0.008826583095042227   0.2580355880519201     0.06372154610004774    0.9834757834757835     0.025412083328749637  
13 4 4 3     0.01       0.05033962734084428    0.0015435059516007246  0.2583350634369503     0.09758424274459836    0.9782476782476783     0.036322725259669356  
13 4 5 3     0.01       0.04817879273478883    0.0010084056512114788  0.26549970767616865    0.1202641869605419     0.9712494912494911     0.03855561578861283   
13 2 3 3     0.01       0.056649557723561915   0.0037956221398873654  0.26709224143664223    0.0933933408554403     0.9766483516483516     0.04117672745264852   
13 5 3 3     0.01       0.054401949573145106   0.002723488447587072   0.26939363498322916    0.11771195475756936    0.977781477781478      0.036726421054993345  
13 3 3 3     0.01       0.054118180004170936   0.0016802632249667225  0.2711312852555106     0.1454053826761503     0.9774214674214674     0.04516136238020464   
13 3 3       0.01       0.07993712342334361    0.006992854552358069   0.2877118291646993     0.07804627787360269    0.9728360528360527     0.02720140229417289   
13 4 2 3     0.01       0.06854890069948602    0.0011113466877979519  0.29404578260819403    0.11308992082911846    0.9735246235246235     0.04293115939349357   
13 2 2 3     0.01       0.06989826311980031    0.0017011025376729295  0.2951538778097469     0.07309900083320002    0.9777570577570577     0.0273010962900132    
13 2 3       0.01       0.08600095150176948    0.00314116574608932    0.2977162161327128     0.08525847322097915    0.9714892514892515     0.028637205026395367  
13 3 2 3     0.01       0.06869912692912944    0.0006230561841754279  0.2988023297267848     0.09715797352524631    0.9732565909036497     0.03609558804998013   
13 5 2 3     0.01       0.0683700386567471     0.0018035269766837141  0.3038024085909002     0.1321630040302674     0.9664202464202465     0.04539387255345008   
13 1 5 3     0.01       0.3248620838880103     0.1082725246393502     0.6124012048972152     0.22461810329944157    0.8983790283790283     0.07359334184657339   
13 1 2 3     0.01       0.4030354152193925     0.08627773673044557    0.7009572819134748     0.24199501289112443    0.890534498181557      0.07949891097321665   
13 1 4 3     0.01       0.34567579043031393    0.07604471142504525    0.7186930783357062     0.33570650808528774    0.917422114922115      0.07869389028184842   
13 1 3 3     0.01       0.44265952304043016    0.11530265252807786    0.742306114401462      0.332593698807238      0.874563062210121      0.09110911078290834   
13 5 3       0.1        0.4048779302485427     0.01220923451121278    0.8412793587011784     0.07392078142613015    0.9830095830095829     0.026079461315677642  
13 3 3       0.1        0.4294001824676519     0.010050789494347116   0.8814835767521758     0.08145346171179753    0.9777389277389277     0.044522229273457524  
13 3 1 3     0.01       0.7308109024666261     0.02941039372638026    0.9077512196667833     0.031265355374765665   0.9702149702149703     0.030295060016121526  
13 2 1 3     0.01       0.749018348802329      0.001789114638015426   0.9125546583027859     0.042165513968438144   0.9830095830095829     0.026079461315677642  
13 4 1 3     0.01       0.7302594167542187     0.02914448469057811    0.9261171855863776     0.07349897782881397    0.9679390054390055     0.04738268443928627   
13 4 3       0.1        0.4636083085979619     0.037979395909766824   0.9292516276397549     0.13697793904503835    0.9698198424669012     0.042274288409356535  
13 5 1 3     0.01       0.7424773649605833     0.05176378516478798    0.9365958562371237     0.07533075903822212    0.9073263555616498     0.12721866761130526   
13 3 5 3     0.1        0.37003601408757897    0.0075855947741638625  0.9437658198445144     0.06187837030043488    0.9896192696192696     0.020763321757759065  
13 2 3       0.1        0.5164044078956207     0.019113251003594612   0.9701423073530439     0.11670742944405108    0.9701343101343103     0.03891912231450048   
13 4 5 3     0.1        0.5194206609372956     0.4569441427144018     1.0278670062332833     0.29504608829726087    0.8966160321160321     0.2406124049961176    
13 5 5 3     0.1        0.5135432426561951     0.45938611582133554    1.0362296016602164     0.291629286619755      0.9020463487130155     0.2363567060743671    
13 5 4 3     0.1        0.5245165808967437     0.4552444569255338     1.040425264320786      0.30039280979526833    0.907146335146335      0.24124272466490274   
13 1 3       0.01       0.9134778283135144     0.03253655713563083    1.0475253713906683     0.06557549937656265    0.7050264893918146     0.1503370115352205    
13 3 4 3     0.1        0.5333733526089095     0.45223839862389376    1.0532916644402481     0.29083172776451005    0.9079440559440559     0.24135611219315883   
13 4 4 3     0.1        0.6792022185101192     0.6052797070898613     1.1356817083207122     0.3938666976890595     0.8261833721833721     0.32145484667855695   
13 3 3 3     0.1        0.694979452571913      0.5975652413799528     1.1642521610953924     0.37003385984962733    0.8213581973581974     0.31818919701932946   
13 1 1 3     0.01       1.0713521492836449     0.2775458702244599     1.1643325792520602     0.2548085106741538     0.5261192725403252     0.11588386582093595   
13 2 4 3     0.1        0.6977813436447008     0.5965646015877281     1.1680664088543136     0.3665673913658373     0.8217956364623031     0.3167325469735122    
13 2 3 3     0.1        0.7097740949443379     0.5902007411736717     1.1874297835191348     0.3608778634957029     0.8261833721833721     0.32145484667855695   
13 5 3 3     0.1        0.8400808696330438     0.6876179351701844     1.2410103913928554     0.4287242588301483     0.7511833721833722     0.3682355998438677    
13 3 2 3     0.1        0.8711632634693854     0.5611113551484418     1.2644756657195146     0.35097790917621613    0.735456133238742      0.32158673792731274   
13 4 2 3     0.1        0.8697640541396044     0.5668661788971855     1.2796184033756521     0.34240745261194716    0.7400888346832619     0.3190010699395216    
13 5 2 3     0.1        0.8862910690943313     0.6576072741855764     1.2879026592627656     0.39995763142792984    0.7469005776831864     0.3638075525696552    
13 2 5 3     0.1        0.9890474276114611     0.735693733897185      1.3288689854393412     0.46101202731294677    0.6715035302861391     0.3928225602128191    
13 1 3       0.1        1.176112456434277      0.040535256965000196   1.4300730454039452     0.05341497416771529    0.6018034184597651     0.09154662398066067   
13 4 3 3     0.1        1.1425087207468188     0.7485960711941337     1.4303118160546542     0.4603262805402716     0.5865032589525343     0.39396939726742414   
13 2 2 3     0.1        1.1817159042266518     0.7083450981255373     1.4913897831349878     0.4061376974485594     0.5933333333333334     0.4066666666666666    
13 1 5 3     0.1        1.3259955361046931     0.3701744648952717     1.5455295501496056     0.22380724225665977    0.44389259768397826    0.16453329115651685   
13 1 4 3     0.1        1.3865983273461837     0.4190476224876175     1.5835276490252106     0.2501654145394089     0.44559033821505223    0.2202889496133109    
13 1 3 3     0.1        1.500995076698166      0.3902307642609064     1.6571654702834588     0.2413747486921585     0.40367543440541154    0.22640637906658317   
13 5 1 3     0.1        1.5131237349883944     0.3786607644062073     1.6731077318238516     0.22028021004132456    0.3728846974987326     0.18313138401672116   
13 4 1 3     0.1        1.5211061023166512     0.3709399690802241     1.6776977010274627     0.217661929868899      0.3713840656434545     0.18331454152101326   
13 1 2 3     0.1        1.5947307797684964     0.36368464140170353    1.7007565947960732     0.23224948338949636    0.3393823590597046     0.18273254292230823   
13 3 1 3     0.1        1.6115211010209471     0.343006215219449      1.710881233238176      0.2204297756447115     0.3329905052994298     0.17512429367310503   
13 2 1 3     0.1        1.6709269788376262     0.3363704414073941     1.7523846138823633     0.2121131057864204     0.30635919508917225    0.17772266115680682   
13 1 1 3     0.1        1.6784775004264723     0.3253161000407122     1.7806131773342684     0.16798769422759227    0.2919914439701311     0.1545404130950248    
13 1 2 3     1.0        1.8906702667747475     0.0009036893967090511  1.8907740430620898     0.008233832314198492   0.19015405260332796    0.00566021261534682   
13 2 5 3     1.0        1.890673467848939      0.0009032998064191713  1.8907745374536653     0.008194398532660876   0.19015405260332796    0.00566021261534682   
13 2 1 3     1.0        1.8906688701420755     0.0009038722843534643  1.8907750108567984     0.008254394662960013   0.19015405260332796    0.00566021261534682   
13 4 4 3     1.0        1.8906725180926691     0.0009034433339402063  1.890775176702406      0.008202348012339485   0.19015405260332796    0.00566021261534682   
13 3 2 3     1.0        1.8906695552974981     0.0009037604748817906  1.890775902343761      0.008240766150477547   0.19015405260332796    0.00566021261534682   
13 1 3 3     1.0        1.8906710456552243     0.0009034861591810907  1.890777106022684      0.008211638368380932   0.19015405260332796    0.00566021261534682   
13 5 3 3     1.0        1.8906712185498737     0.0009039367973461461  1.8907771658687402     0.008213175743885097   0.19015405260332796    0.00566021261534682   
13 5 1 3     1.0        1.8906686500914553     0.0009040578506318068  1.8907777555717353     0.008255855783460084   0.19015405260332796    0.00566021261534682   
13 4 1 3     1.0        1.8906689563405767     0.0009038963369022057  1.8907781472585576     0.008252627983087799   0.19015405260332796    0.00566021261534682   
13 5 5 3     1.0        1.8906747853936305     0.000903354658840794   1.8907787175333042     0.008169211257833129   0.19015405260332796    0.00566021261534682   
13 5 4 3     1.0        1.890672155119136      0.0009043973563346833  1.890779873195084      0.008198810969799627   0.19015405260332796    0.00566021261534682   
13 1 4 3     1.0        1.8906719176882754     0.0009034844828513244  1.8907803106816108     0.008201194451942305   0.19015405260332796    0.00566021261534682   
13 4 2 3     1.0        1.8906697720464347     0.0009039372042749208  1.8907803851566711     0.008233098307737184   0.19015405260332796    0.00566021261534682   
13 3 4 3     1.0        1.890672743625282      0.0009041880226249143  1.890780543843832      0.008192618023974847   0.19015405260332796    0.00566021261534682   
13 4 3 3     1.0        1.890670948593603      0.0009042014890594236  1.8907817358177996     0.00820962934565195    0.19015405260332796    0.00566021261534682   
13 4 5 3     1.0        1.8906741557550906     0.0009037263358211754  1.8907827282326923     0.008174817559116082   0.19015405260332796    0.00566021261534682   
13 2 2 3     1.0        1.8906699085949614     0.0009042120158123056  1.8907830424754857     0.008227109766050204   0.19015405260332796    0.00566021261534682   
13 3 3 3     1.0        1.8906708427667218     0.0009041719607760789  1.890783622498363      0.008206167665764276   0.19015405260332796    0.00566021261534682   
13 2 3 3     1.0        1.8906721527025145     0.0009042304817257665  1.8907845430452621     0.00819389748624327    0.19015405260332796    0.00566021261534682   
13 3 1 3     1.0        1.890668837832638      0.0009042604210241587  1.8907869926151673     0.008244468799173297   0.19015405260332796    0.00566021261534682   
13 5 2 3     1.0        1.8906698574996583     0.0009042909393209929  1.890787157127652      0.008221055825361189   0.19015405260332796    0.00566021261534682   
13 2 4 3     1.0        1.8906729008236123     0.0009048909883072241  1.8907905936283498     0.008177600728652128   0.19015405260332796    0.00566021261534682   
13 3 5 3     1.0        1.8906751108566664     0.000904669250058312   1.89079292882856       0.00814886013065386    0.19015405260332796    0.00566021261534682   
13 1 5 3     1.0        1.89067489006556       0.0009050383617028526  1.8907976161798814     0.008147470964852053   0.19015405260332796    0.00566021261534682   
13 1 1 3     1.0        1.8909151126144788     0.0009091505956570772  1.8911442052582763     0.007551293253876931   0.19015405260332796    0.00566021261534682   
13 3 3       1.0        1.8909393748402628     0.0009252678596508156  1.8912718104926067     0.007505411687462608   0.19015405260332796    0.00566021261534682   
13 1 3       1.0        1.889391916329395      0.004853773350840477   1.8913106438145832     0.007610558959976433   0.19015405260332796    0.00566021261534682   
13 4 3       1.0        1.8893870618011257     0.004080783475217334   1.8913787041095937     0.007062335092232082   0.19015405260332796    0.00566021261534682   
13 5 3       1.0        1.887841946219043      0.00868848350802094    1.8914380081931708     0.006984489683972008   0.19015405260332796    0.00566021261534682   
13 2 3       1.0        1.8890974567806798     0.004972287257670198   1.8916051156866591     0.006860934318860385   0.19015405260332796    0.00566021261534682   
